Timestamp: 1731983582.689951, ID: 1004
Quaternion: (-0.004412914626300335, -0.0023940864484757185, 0.08853991329669952, 0.9943656921386719)
Time delay (us): 7496

