Timestamp: 1732567000.3790421, ID: 840
Quaternion: (0.0005320155760273337, -0.0008588505443185568, 0.09052678197622299, 0.9941989183425903)
Time delay (us): 5421

